Harmonogram rat malejących:

Miesiąc | Rata całkowita | Kapitał | Odsetki | Saldo
     1 |       114074.05 | 101851.83 | 12222.22 | 1222222.00
     2 |       113055.54 | 101851.83 | 11203.70 | 1120370.17
     3 |       112037.02 | 101851.83 | 10185.18 | 1018518.33
     4 |       111018.50 | 101851.83 | 9166.66 | 916666.50
     5 |       109999.98 | 101851.83 | 8148.15 | 814814.67
     6 |       108981.46 | 101851.83 | 7129.63 | 712962.83
     7 |       107962.94 | 101851.83 | 6111.11 | 611111.00
     8 |       106944.42 | 101851.83 | 5092.59 | 509259.17
     9 |       105925.91 | 101851.83 | 4074.07 | 407407.33
    10 |       104907.39 | 101851.83 | 3055.55 | 305555.50
    11 |       103888.87 | 101851.83 | 2037.04 | 203703.67
    12 |       102870.35 | 101851.83 | 1018.52 | 101851.83

Suma odsetek: 79444.43 zł
Łączna kwota do spłaty: 1301666.43 zł
