Harmonogram spłat - raty malejące

Miesiąc | Rata | Kapitał | Odsetki | Pozostało
     1 | 207098.56 | 84876.46 | 122222.10 | 12222210.00
     2 | 206249.79 | 84876.46 | 121373.34 | 12137333.54
     3 | 205401.03 | 84876.46 | 120524.57 | 12052457.08
     4 | 204552.26 | 84876.46 | 119675.81 | 11967580.62
     5 | 203703.50 | 84876.46 | 118827.04 | 11882704.17
     6 | 202854.74 | 84876.46 | 117978.28 | 11797827.71
     7 | 202005.97 | 84876.46 | 117129.51 | 11712951.25
     8 | 201157.21 | 84876.46 | 116280.75 | 11628074.79
     9 | 200308.44 | 84876.46 | 115431.98 | 11543198.33
    10 | 199459.68 | 84876.46 | 114583.22 | 11458321.87
    11 | 198610.91 | 84876.46 | 113734.45 | 11373445.42
    12 | 197762.15 | 84876.46 | 112885.69 | 11288568.96
    13 | 196913.38 | 84876.46 | 112036.92 | 11203692.50
    14 | 196064.62 | 84876.46 | 111188.16 | 11118816.04
    15 | 195215.85 | 84876.46 | 110339.40 | 11033939.58
    16 | 194367.09 | 84876.46 | 109490.63 | 10949063.12
    17 | 193518.32 | 84876.46 | 108641.87 | 10864186.67
    18 | 192669.56 | 84876.46 | 107793.10 | 10779310.21
    19 | 191820.80 | 84876.46 | 106944.34 | 10694433.75
    20 | 190972.03 | 84876.46 | 106095.57 | 10609557.29
    21 | 190123.27 | 84876.46 | 105246.81 | 10524680.83
    22 | 189274.50 | 84876.46 | 104398.04 | 10439804.37
    23 | 188425.74 | 84876.46 | 103549.28 | 10354927.92
    24 | 187576.97 | 84876.46 | 102700.51 | 10270051.46
    25 | 186728.21 | 84876.46 | 101851.75 | 10185175.00
    26 | 185879.44 | 84876.46 | 101002.99 | 10100298.54
    27 | 185030.68 | 84876.46 | 100154.22 | 10015422.08
    28 | 184181.91 | 84876.46 | 99305.46 | 9930545.62
    29 | 183333.15 | 84876.46 | 98456.69 | 9845669.17
    30 | 182484.39 | 84876.46 | 97607.93 | 9760792.71
    31 | 181635.62 | 84876.46 | 96759.16 | 9675916.25
    32 | 180786.86 | 84876.46 | 95910.40 | 9591039.79
    33 | 179938.09 | 84876.46 | 95061.63 | 9506163.33
    34 | 179089.33 | 84876.46 | 94212.87 | 9421286.87
    35 | 178240.56 | 84876.46 | 93364.10 | 9336410.42
    36 | 177391.80 | 84876.46 | 92515.34 | 9251533.96
    37 | 176543.03 | 84876.46 | 91666.57 | 9166657.50
    38 | 175694.27 | 84876.46 | 90817.81 | 9081781.04
    39 | 174845.50 | 84876.46 | 89969.05 | 8996904.58
    40 | 173996.74 | 84876.46 | 89120.28 | 8912028.12
    41 | 173147.97 | 84876.46 | 88271.52 | 8827151.67
    42 | 172299.21 | 84876.46 | 87422.75 | 8742275.21
    43 | 171450.45 | 84876.46 | 86573.99 | 8657398.75
    44 | 170601.68 | 84876.46 | 85725.22 | 8572522.29
    45 | 169752.92 | 84876.46 | 84876.46 | 8487645.83
    46 | 168904.15 | 84876.46 | 84027.69 | 8402769.37
    47 | 168055.39 | 84876.46 | 83178.93 | 8317892.92
    48 | 167206.62 | 84876.46 | 82330.16 | 8233016.46
    49 | 166357.86 | 84876.46 | 81481.40 | 8148140.00
    50 | 165509.09 | 84876.46 | 80632.64 | 8063263.54
    51 | 164660.33 | 84876.46 | 79783.87 | 7978387.08
    52 | 163811.56 | 84876.46 | 78935.11 | 7893510.62
    53 | 162962.80 | 84876.46 | 78086.34 | 7808634.17
    54 | 162114.04 | 84876.46 | 77237.58 | 7723757.71
    55 | 161265.27 | 84876.46 | 76388.81 | 7638881.25
    56 | 160416.51 | 84876.46 | 75540.05 | 7554004.79
    57 | 159567.74 | 84876.46 | 74691.28 | 7469128.33
    58 | 158718.98 | 84876.46 | 73842.52 | 7384251.87
    59 | 157870.21 | 84876.46 | 72993.75 | 7299375.42
    60 | 157021.45 | 84876.46 | 72144.99 | 7214498.96
    61 | 156172.68 | 84876.46 | 71296.22 | 7129622.50
    62 | 155323.92 | 84876.46 | 70447.46 | 7044746.04
    63 | 154475.15 | 84876.46 | 69598.70 | 6959869.58
    64 | 153626.39 | 84876.46 | 68749.93 | 6874993.12
    65 | 152777.62 | 84876.46 | 67901.17 | 6790116.67
    66 | 151928.86 | 84876.46 | 67052.40 | 6705240.21
    67 | 151080.10 | 84876.46 | 66203.64 | 6620363.75
    68 | 150231.33 | 84876.46 | 65354.87 | 6535487.29
    69 | 149382.57 | 84876.46 | 64506.11 | 6450610.83
    70 | 148533.80 | 84876.46 | 63657.34 | 6365734.37
    71 | 147685.04 | 84876.46 | 62808.58 | 6280857.92
    72 | 146836.27 | 84876.46 | 61959.81 | 6195981.46
    73 | 145987.51 | 84876.46 | 61111.05 | 6111105.00
    74 | 145138.74 | 84876.46 | 60262.29 | 6026228.54
    75 | 144289.98 | 84876.46 | 59413.52 | 5941352.08
    76 | 143441.21 | 84876.46 | 58564.76 | 5856475.62
    77 | 142592.45 | 84876.46 | 57715.99 | 5771599.17
    78 | 141743.69 | 84876.46 | 56867.23 | 5686722.71
    79 | 140894.92 | 84876.46 | 56018.46 | 5601846.25
    80 | 140046.16 | 84876.46 | 55169.70 | 5516969.79
    81 | 139197.39 | 84876.46 | 54320.93 | 5432093.33
    82 | 138348.63 | 84876.46 | 53472.17 | 5347216.87
    83 | 137499.86 | 84876.46 | 52623.40 | 5262340.42
    84 | 136651.10 | 84876.46 | 51774.64 | 5177463.96
    85 | 135802.33 | 84876.46 | 50925.87 | 5092587.50
    86 | 134953.57 | 84876.46 | 50077.11 | 5007711.04
    87 | 134104.80 | 84876.46 | 49228.35 | 4922834.58
    88 | 133256.04 | 84876.46 | 48379.58 | 4837958.12
    89 | 132407.27 | 84876.46 | 47530.82 | 4753081.67
    90 | 131558.51 | 84876.46 | 46682.05 | 4668205.21
    91 | 130709.75 | 84876.46 | 45833.29 | 4583328.75
    92 | 129860.98 | 84876.46 | 44984.52 | 4498452.29
    93 | 129012.22 | 84876.46 | 44135.76 | 4413575.83
    94 | 128163.45 | 84876.46 | 43286.99 | 4328699.37
    95 | 127314.69 | 84876.46 | 42438.23 | 4243822.92
    96 | 126465.92 | 84876.46 | 41589.46 | 4158946.46
    97 | 125617.16 | 84876.46 | 40740.70 | 4074070.00
    98 | 124768.39 | 84876.46 | 39891.94 | 3989193.54
    99 | 123919.63 | 84876.46 | 39043.17 | 3904317.08
   100 | 123070.86 | 84876.46 | 38194.41 | 3819440.62
   101 | 122222.10 | 84876.46 | 37345.64 | 3734564.17
   102 | 121373.34 | 84876.46 | 36496.88 | 3649687.71
   103 | 120524.57 | 84876.46 | 35648.11 | 3564811.25
   104 | 119675.81 | 84876.46 | 34799.35 | 3479934.79
   105 | 118827.04 | 84876.46 | 33950.58 | 3395058.33
   106 | 117978.28 | 84876.46 | 33101.82 | 3310181.87
   107 | 117129.51 | 84876.46 | 32253.05 | 3225305.42
   108 | 116280.75 | 84876.46 | 31404.29 | 3140428.96
   109 | 115431.98 | 84876.46 | 30555.52 | 3055552.50
   110 | 114583.22 | 84876.46 | 29706.76 | 2970676.04
   111 | 113734.45 | 84876.46 | 28858.00 | 2885799.58
   112 | 112885.69 | 84876.46 | 28009.23 | 2800923.12
   113 | 112036.92 | 84876.46 | 27160.47 | 2716046.67
   114 | 111188.16 | 84876.46 | 26311.70 | 2631170.21
   115 | 110339.40 | 84876.46 | 25462.94 | 2546293.75
   116 | 109490.63 | 84876.46 | 24614.17 | 2461417.29
   117 | 108641.87 | 84876.46 | 23765.41 | 2376540.83
   118 | 107793.10 | 84876.46 | 22916.64 | 2291664.37
   119 | 106944.34 | 84876.46 | 22067.88 | 2206787.92
   120 | 106095.57 | 84876.46 | 21219.11 | 2121911.46
   121 | 105246.81 | 84876.46 | 20370.35 | 2037035.00
   122 | 104398.04 | 84876.46 | 19521.59 | 1952158.54
   123 | 103549.28 | 84876.46 | 18672.82 | 1867282.08
   124 | 102700.51 | 84876.46 | 17824.06 | 1782405.62
   125 | 101851.75 | 84876.46 | 16975.29 | 1697529.17
   126 | 101002.99 | 84876.46 | 16126.53 | 1612652.71
   127 | 100154.22 | 84876.46 | 15277.76 | 1527776.25
   128 | 99305.46 | 84876.46 | 14429.00 | 1442899.79
   129 | 98456.69 | 84876.46 | 13580.23 | 1358023.33
   130 | 97607.93 | 84876.46 | 12731.47 | 1273146.87
   131 | 96759.16 | 84876.46 | 11882.70 | 1188270.42
   132 | 95910.40 | 84876.46 | 11033.94 | 1103393.96
   133 | 95061.63 | 84876.46 | 10185.17 | 1018517.50
   134 | 94212.87 | 84876.46 | 9336.41 | 933641.04
   135 | 93364.10 | 84876.46 | 8487.65 | 848764.58
   136 | 92515.34 | 84876.46 | 7638.88 | 763888.12
   137 | 91666.57 | 84876.46 | 6790.12 | 679011.67
   138 | 90817.81 | 84876.46 | 5941.35 | 594135.21
   139 | 89969.05 | 84876.46 | 5092.59 | 509258.75
   140 | 89120.28 | 84876.46 | 4243.82 | 424382.29
   141 | 88271.52 | 84876.46 | 3395.06 | 339505.83
   142 | 87422.75 | 84876.46 | 2546.29 | 254629.37
   143 | 86573.99 | 84876.46 | 1697.53 | 169752.92
   144 | 85725.22 | 84876.46 |  848.76 |  84876.46
