Harmonogram spłat - raty malejące

Miesiąc | Rata | Kapitał | Odsetki | Pozostało
     1 | 94180.11 | 69250.08 | 24930.03 | 4986006.00
     2 | 93833.86 | 69250.08 | 24583.78 | 4916755.92
     3 | 93487.61 | 69250.08 | 24237.53 | 4847505.83
     4 | 93141.36 | 69250.08 | 23891.28 | 4778255.75
     5 | 92795.11 | 69250.08 | 23545.03 | 4709005.67
     6 | 92448.86 | 69250.08 | 23198.78 | 4639755.58
     7 | 92102.61 | 69250.08 | 22852.53 | 4570505.50
     8 | 91756.36 | 69250.08 | 22506.28 | 4501255.42
     9 | 91410.11 | 69250.08 | 22160.03 | 4432005.33
    10 | 91063.86 | 69250.08 | 21813.78 | 4362755.25
    11 | 90717.61 | 69250.08 | 21467.53 | 4293505.17
    12 | 90371.36 | 69250.08 | 21121.28 | 4224255.08
    13 | 90025.11 | 69250.08 | 20775.03 | 4155005.00
    14 | 89678.86 | 69250.08 | 20428.77 | 4085754.92
    15 | 89332.61 | 69250.08 | 20082.52 | 4016504.83
    16 | 88986.36 | 69250.08 | 19736.27 | 3947254.75
    17 | 88640.11 | 69250.08 | 19390.02 | 3878004.67
    18 | 88293.86 | 69250.08 | 19043.77 | 3808754.58
    19 | 87947.61 | 69250.08 | 18697.52 | 3739504.50
    20 | 87601.36 | 69250.08 | 18351.27 | 3670254.42
    21 | 87255.11 | 69250.08 | 18005.02 | 3601004.33
    22 | 86908.85 | 69250.08 | 17658.77 | 3531754.25
    23 | 86562.60 | 69250.08 | 17312.52 | 3462504.17
    24 | 86216.35 | 69250.08 | 16966.27 | 3393254.08
    25 | 85870.10 | 69250.08 | 16620.02 | 3324004.00
    26 | 85523.85 | 69250.08 | 16273.77 | 3254753.92
    27 | 85177.60 | 69250.08 | 15927.52 | 3185503.83
    28 | 84831.35 | 69250.08 | 15581.27 | 3116253.75
    29 | 84485.10 | 69250.08 | 15235.02 | 3047003.67
    30 | 84138.85 | 69250.08 | 14888.77 | 2977753.58
    31 | 83792.60 | 69250.08 | 14542.52 | 2908503.50
    32 | 83446.35 | 69250.08 | 14196.27 | 2839253.42
    33 | 83100.10 | 69250.08 | 13850.02 | 2770003.33
    34 | 82753.85 | 69250.08 | 13503.77 | 2700753.25
    35 | 82407.60 | 69250.08 | 13157.52 | 2631503.17
    36 | 82061.35 | 69250.08 | 12811.27 | 2562253.08
    37 | 81715.10 | 69250.08 | 12465.01 | 2493003.00
    38 | 81368.85 | 69250.08 | 12118.76 | 2423752.92
    39 | 81022.60 | 69250.08 | 11772.51 | 2354502.83
    40 | 80676.35 | 69250.08 | 11426.26 | 2285252.75
    41 | 80330.10 | 69250.08 | 11080.01 | 2216002.67
    42 | 79983.85 | 69250.08 | 10733.76 | 2146752.58
    43 | 79637.60 | 69250.08 | 10387.51 | 2077502.50
    44 | 79291.35 | 69250.08 | 10041.26 | 2008252.42
    45 | 78945.09 | 69250.08 | 9695.01 | 1939002.33
    46 | 78598.84 | 69250.08 | 9348.76 | 1869752.25
    47 | 78252.59 | 69250.08 | 9002.51 | 1800502.17
    48 | 77906.34 | 69250.08 | 8656.26 | 1731252.08
    49 | 77560.09 | 69250.08 | 8310.01 | 1662002.00
    50 | 77213.84 | 69250.08 | 7963.76 | 1592751.92
    51 | 76867.59 | 69250.08 | 7617.51 | 1523501.83
    52 | 76521.34 | 69250.08 | 7271.26 | 1454251.75
    53 | 76175.09 | 69250.08 | 6925.01 | 1385001.67
    54 | 75828.84 | 69250.08 | 6578.76 | 1315751.58
    55 | 75482.59 | 69250.08 | 6232.51 | 1246501.50
    56 | 75136.34 | 69250.08 | 5886.26 | 1177251.42
    57 | 74790.09 | 69250.08 | 5540.01 | 1108001.33
    58 | 74443.84 | 69250.08 | 5193.76 | 1038751.25
    59 | 74097.59 | 69250.08 | 4847.51 | 969501.17
    60 | 73751.34 | 69250.08 | 4501.26 | 900251.08
    61 | 73405.09 | 69250.08 | 4155.00 | 831001.00
    62 | 73058.84 | 69250.08 | 3808.75 | 761750.92
    63 | 72712.59 | 69250.08 | 3462.50 | 692500.83
    64 | 72366.34 | 69250.08 | 3116.25 | 623250.75
    65 | 72020.09 | 69250.08 | 2770.00 | 554000.67
    66 | 71673.84 | 69250.08 | 2423.75 | 484750.58
    67 | 71327.59 | 69250.08 | 2077.50 | 415500.50
    68 | 70981.34 | 69250.08 | 1731.25 | 346250.42
    69 | 70635.08 | 69250.08 | 1385.00 | 277000.33
    70 | 70288.83 | 69250.08 | 1038.75 | 207750.25
    71 | 69942.58 | 69250.08 |  692.50 | 138500.17
    72 | 69596.33 | 69250.08 |  346.25 |  69250.08
